EPICC_C516_A1_G1_D1 ExonicOnly 1.6649521471575 0.734899265099888 3.77205455677972 39 1.14707791869182 0.975134127028649 1.34934063072523 730 1.75646887338286e-09 32 668881 7 243612 529 9831770 201 4285140 	 
EPICC_C516_B1_G7_D1 ExonicOnly 1.82653913183246 0.760254162243502 4.38835144767322 36 1.15602749577637 0.977792352143121 1.36675227074956 687 6.62180735775404e-12 30 671921 6 245458 498 9864580 189 4327920 	 
EPICC_C516_B3_B1_D1 ExonicOnly 1.76178685557661 0.731460429217292 4.24344072078299 35 1.17584061841739 0.991400189738948 1.39459476986655 668 2.12649965234655e-10 29 674466 6 245848 487 9907950 181 4329940 	 
EPICC_C516_B3_G9_D1 ExonicOnly 1.82502251188003 0.759622896219895 4.38470773542087 36 1.1446064777756 0.96750316305502 1.35412924617008 679 8.44080240990681e-12 30 672978 6 245640 491 9881150 188 4330520 	 
EPICC_C516_C1_G3_D1 ExonicOnly 0.880828473322573 0.276253718669888 2.80851354670319 14 0.990682583070316 0.739341850933772 1.32746740036924 214 0.734262269623886 10 812241 4 286178 150 11944700 64 5048920 	 
EPICC_C516_C1_G8_D1 ExonicOnly 0.880907050185467 0.276278361617127 2.80876409265155 14 0.990427752418329 0.73915167158834 1.32712594016643 214 0.734266715072123 10 812546 4 286311 150 11950400 64 5050030 	 
EPICC_C516_D1_G5_D1 ExonicOnly 0.968773968293833 0.308476731308438 3.04245719443441 15 0.996669010370891 0.744025184093565 1.33510177456037 215 0.874869354737853 11 812271 4 286148 151 11946900 64 5046720 	 
EPICC_C518_A1_G4_D1 ExonicOnly 2.3395169673921 0.518552363456372 10.555074741499 13 1.10567821829939 0.839640772128723 1.45600911077672 254 3.1405419092501e-09 11 765704 2 325705 184 11549800 70 4858290 	 
EPICC_C518_A1_G6_D1 ExonicOnly 2.34261934726725 0.519240002262038 10.5690715565295 13 1.0914580087719 0.830009714988455 1.43526135550215 255 2.48468634012338e-09 11 765183 2 325915 184 11542300 71 4861160 	 
EPICC_C518_B1_G6_D1 ExonicOnly 2.34120665309018 0.518926879858005 10.5626979945617 13 1.09125319201415 0.82985395977184 1.43499202317492 255 2.54752603606049e-09 11 765539 2 325870 184 11546200 71 4861890 	 
EPICC_C518_B1_G8_D1 ExonicOnly 2.33806990190346 0.518231610058388 10.5485461923257 13 1.10434416677376 0.836897107126997 1.45725958112228 250 4.16995879797951e-09 11 769650 2 327181 181 11604300 69 4885330 	 
EPICC_C518_D1_G6_D1 ExonicOnly 2.34261934726725 0.519240002262038 10.5690715565295 13 1.0914580087719 0.830009714988455 1.43526135550215 255 2.48468634012338e-09 11 765183 2 325915 184 11542300 71 4861160 	 
EPICC_C518_D1_G8_D1 ExonicOnly 2.12755844851112 0.466158661785172 9.71025807840384 12 1.09920096139818 0.834549093182049 1.44777946758639 253 1.2974238372996e-07 10 765845 2 325876 183 11554600 70 4858240 	 
EPICC_C525_A1_B1_D1 ExonicOnly Inf NaN Inf 2 0.487455492910605 0.216519840625359 1.09741852087214 24 0 2 3029600 0 1063970 14 34657400 10 12067100 	 
EPICC_C525_B1_B1_D1 ExonicOnly Inf NaN Inf 2 0.487455492910605 0.216519840625359 1.09741852087214 24 0 2 3029600 0 1063970 14 34657400 10 12067100 	 
EPICC_C525_B1_G1_D1 ExonicOnly Inf NaN Inf 2 0.486105884450078 0.215920365312658 1.0943801234063 24 0 2 3090110 0 1081380 14 35342300 10 12271500 	 
EPICC_C525_B1_G2_D1 ExonicOnly Inf NaN Inf 2 0.486425594039181 0.216062375707652 1.09509989026792 24 0 2 3059890 0 1072130 14 35001900 10 12161300 	 
EPICC_C525_B1_G3_D1 ExonicOnly Inf NaN Inf 2 0.486425594039181 0.216062375707652 1.09509989026792 24 0 2 3059890 0 1072130 14 35001900 10 12161300 	 
EPICC_C525_C1_B1_D1 ExonicOnly Inf NaN Inf 2 0.484330025769886 0.215131558370277 1.09038209434163 24 0 2 3062930 0 1069080 14 35040900 10 12122400 	 
EPICC_C525_C1_G7_D1 ExonicOnly Inf NaN Inf 2 0.487455492910605 0.216519840625359 1.09741852087214 24 0 2 3029600 0 1063970 14 34657400 10 12067100 	 
EPICC_C525_C1_G9_D1 ExonicOnly Inf NaN Inf 2 0.487455492910605 0.216519840625359 1.09741852087214 24 0 2 3029600 0 1063970 14 34657400 10 12067100 	 
EPICC_C525_D1_G10_D1 ExonicOnly Inf NaN Inf 2 0.487725357226584 0.216639709372675 1.09802607385261 24 0 2 3058640 0 1073370 14 34977800 10 12185400 	 
EPICC_C525_D1_G8_D1 ExonicOnly Inf NaN Inf 2 0.489908235873305 0.217609308559439 1.10294043342537 24 0 2 3054040 0 1077970 14 34937400 10 12225800 	 
EPICC_C527_A3_L1_D1 ExonicOnly Inf NaN Inf 1 0.382331683112234 0.116681697784183 1.25278881612318 11 0 1 5618370 0 1764010 6 61789700 5 19686800 	 
EPICC_C527_B3_L1_D1 ExonicOnly Inf NaN Inf 1 0.382331683112234 0.116681697784183 1.25278881612318 11 0 1 5618370 0 1764010 6 61789700 5 19686800 	 
EPICC_C527_C2_L1_D1 ExonicOnly Inf NaN Inf 1 0.633577729142308 0.158452283139057 2.53338580963121 9 0 1 5881070 0 1843690 6 64744700 3 20510400 	 
EPICC_C528_A1_G7_D1 ExonicOnly Inf NaN Inf 1 0.99731174155168 0.365352431308618 2.72238730793151 21 0 1 3356300 0 1016030 16 39200100 5 12217100 	 
EPICC_C528_B1_G2_D1 ExonicOnly Inf NaN Inf 1 1.09826005795163 0.361501819323929 3.33656765443809 18 0 1 3684430 0 1127400 14 43070400 4 13515000 	 
EPICC_C528_B1_G9_D1 ExonicOnly Inf NaN Inf 1 0.61788614373635 0.186057245074405 2.05196698126262 12 0 1 3968000 0 1184640 8 46291700 4 14301500 	 
EPICC_C528_C1_G10_D1 ExonicOnly Inf NaN Inf 1 0.992284230483884 0.363510667973566 2.70866357904103 21 0 1 3323580 0 1001090 16 38819200 5 12037400 	 
EPICC_C528_C1_G9_D1 ExonicOnly Inf NaN Inf 1 1.01664781353258 0.331488574353865 3.11797437591625 17 0 1 3736960 0 1138320 13 43670900 4 13660900 	 
EPICC_C536_B1_G1_D1 ExonicOnly 1.09760406250175 0.534925622115014 2.25216188748326 39 1.06286510332018 0.858718437875932 1.31554472707454 415 0.399184613930694 29 895015 10 338749 297 10840500 118 4577760 	 
EPICC_C536_B1_G9_D1 ExonicOnly 1.09737493166505 0.534813958298413 2.25169172370183 39 1.04528888314518 0.845596273301493 1.29214042165459 417 0.397350148722456 29 894491 10 338480 297 10833100 120 4575240 	 
EPICC_C536_C1_B1_D1 ExonicOnly 1.09958753503828 0.535892277202069 2.25623175711837 39 1.05279081163802 0.851038225785362 1.30237248854887 415 0.388543211864129 29 894379 10 339120 296 10830800 119 4584140 	 
EPICC_C536_D1_G1_D1 ExonicOnly 1.05998868238953 0.514899950734713 2.18213288672357 38 1.02593033356836 0.82800466914121 1.27116833253794 405 0.606504457041344 28 897716 10 339846 287 10877500 118 4588250 	 
EPICC_C536_D1_G4_D1 ExonicOnly 1.09555886496636 0.533928884412666 2.24796536669449 39 1.04078341750737 0.841157410907844 1.2877855944389 413 0.408275889099713 29 895762 10 338400 294 10851700 119 4571490 	 
EPICC_C536_D1_G8_D1 ExonicOnly 1.17850930168462 0.556122130577748 2.49745363917351 37 1.04981730217178 0.845522529239327 1.30347401367435 401 0.137092466534808 28 899401 9 340699 286 10897300 115 4600070 	 
EPICC_C536_D1_G9_D1 ExonicOnly 1.09725639739087 0.534756173669349 2.25144855179034 39 1.04005720898579 0.839766868424602 1.28811853816945 409 0.402272460939583 29 896850 10 339336 291 10865900 118 4582600 	 
EPICC_C538_B1_G10_D1 ExonicOnly Inf NaN Inf 1 0.499430180633222 0.193605041853718 1.28834728198442 18 0 1 4211860 0 1300670 11 44387500 7 14107200 	 
EPICC_C538_B1_G8_D1 ExonicOnly Inf NaN Inf 1 0.499430180633222 0.193605041853718 1.28834728198442 18 0 1 4211860 0 1300670 11 44387500 7 14107200 	 
EPICC_C538_B1_G9_D1 ExonicOnly Inf NaN Inf 1 0.499430180633222 0.193605041853718 1.28834728198442 18 0 1 4211860 0 1300670 11 44387500 7 14107200 	 
EPICC_C538_C1_G10_D1 ExonicOnly Inf NaN Inf 1 0.499430180633222 0.193605041853718 1.28834728198442 18 0 1 4211860 0 1300670 11 44387500 7 14107200 	 
EPICC_C538_C1_G2_D1 ExonicOnly Inf NaN Inf 1 0.499430180633222 0.193605041853718 1.28834728198442 18 0 1 4211860 0 1300670 11 44387500 7 14107200 	 
EPICC_C538_C1_G3_D1 ExonicOnly Inf NaN Inf 1 0.499430180633222 0.193605041853718 1.28834728198442 18 0 1 4211860 0 1300670 11 44387500 7 14107200 	 
EPICC_C538_D1_G10_D1 ExonicOnly Inf NaN Inf 1 0.499430180633222 0.193605041853718 1.28834728198442 18 0 1 4211860 0 1300670 11 44387500 7 14107200 	 
EPICC_C548_A1_G10_D1 ExonicOnly 0.510622708736664 0.231813511140824 1.12476742222284 25 1.03172579215781 0.817837467501478 1.30155244997663 342 9.05168672686027e-05 14 1059360 11 425019 241 11210200 101 4847100 	 
EPICC_C548_A1_G4_D1 ExonicOnly 0.511093349038745 0.232027172645054 1.12580411892184 25 1.0326156301743 0.818542831692053 1.30267500717313 342 9.33733565236353e-05 14 1058890 11 425222 241 11205300 101 4849160 	 
EPICC_C548_B1_G10_D1 ExonicOnly 0.511093349038745 0.232027172645054 1.12580411892184 25 1.0326156301743 0.818542831692053 1.30267500717313 342 9.33733565236353e-05 14 1058890 11 425222 241 11205300 101 4849160 	 
EPICC_C548_B1_G4_D1 ExonicOnly 0.511093349038745 0.232027172645054 1.12580411892184 25 1.0326156301743 0.818542831692053 1.30267500717313 342 9.33733565236353e-05 14 1058890 11 425222 241 11205300 101 4849160 	 
EPICC_C548_C1_G3_D1 ExonicOnly 0.511093349038745 0.232027172645054 1.12580411892184 25 1.0326156301743 0.818542831692053 1.30267500717313 342 9.33733565236353e-05 14 1058890 11 425222 241 11205300 101 4849160 	 
EPICC_C548_C1_G7_D1 ExonicOnly 0.511380570586735 0.232157565030268 1.1264367943183 25 1.02876357830948 0.8153728294545 1.29800099934078 341 9.6486337997512e-05 14 1058910 11 425469 240 11205900 101 4851460 	 
EPICC_C548_D1_G1_D1 ExonicOnly 0.511093349038745 0.232027172645054 1.12580411892184 25 1.0326156301743 0.818542831692053 1.30267500717313 342 9.33733565236353e-05 14 1058890 11 425222 241 11205300 101 4849160 	 
EPICC_C548_D1_G9_D1 ExonicOnly 0.511717604872482 0.232310571751691 1.12717919298994 25 1.03390252397431 0.819562936453824 1.30429846339054 342 9.72899357172037e-05 14 1058710 11 425669 241 11203100 101 4854250 	 
EPICC_C549_A1_G4_D1 ExonicOnly Inf NaN Inf 3 0.351661169656504 0.160459330886431 0.7706974314475 25 0 3 2837840 0 974183 13 32320600 12 10491600 	 
EPICC_C549_B1_G3_D1 ExonicOnly 1.05447253494854 0.109681836642332 10.1376295449088 4 0.331013313917871 0.153451370214533 0.714036166916368 26 0.900715783750642 3 2734020 1 960983 13 31177900 13 10320300 	 
EPICC_C549_B1_G5_D1 ExonicOnly 1.05447253494854 0.109681836642332 10.1376295449088 4 0.331013313917871 0.153451370214533 0.714036166916368 26 0.900715783750642 3 2734020 1 960983 13 31177900 13 10320300 	 
EPICC_C549_B1_G8_D1 ExonicOnly 1.05248214084875 0.109474803580415 10.118494008542 4 0.330266590316218 0.153105203253272 0.712425394008303 26 0.904313239615663 3 2756290 1 966982 13 31434000 13 10381600 	 
EPICC_C549_C1_G7_D1 ExonicOnly 0.694184743040067 0.062943584215469 7.65595075754535 3 0.295745083742441 0.125601287195946 0.696371555518002 21 0.734431548787925 2 3461240 1 1201370 10 39511300 11 12853800 	 
EPICC_C549_C234_L1_D1 ExonicOnly 1.04989829771034 0.109206043208111 10.0936531333958 4 0.329374250916386 0.152691532061921 0.710500508746723 26 0.908988711044125 3 2758050 1 965224 13 31455100 13 10360500 	 
EPICC_C549_D234_L1_D1 ExonicOnly Inf NaN Inf 3 0.382318965236748 0.181916561881807 0.803488185148369 28 0 3 3050640 0 1069100 15 34753100 13 11515200 	 
EPICC_C550_C1_G5_D1 ExonicOnly Inf NaN Inf 1 0.571792884541879 0.16738255266601 1.95329272950583 11 0 1 5787560 0 1871380 7 66191100 4 21627200 	 
EPICC_C550_C1_G7_D1 ExonicOnly Inf NaN Inf 1 0.566421962837535 0.165810308065027 1.93494520590926 11 0 1 5666890 0 1812100 7 64785800 4 20969200 	 
EPICC_C550_D1_G1_D1 ExonicOnly Inf NaN Inf 1 0.566421962837535 0.165810308065027 1.93494520590926 11 0 1 5666890 0 1812100 7 64785800 4 20969200 	 
EPICC_C550_D1_G5_D1 ExonicOnly 0.314261049256364 0.0196556681756681 5.02450850402437 2 0.396427148909656 0.106450959731558 1.47630884385825 9 0.998573886678994 1 6649090 1 2089550 5 76072300 4 24125700 	 
EPICC_C552_C1_G3_D1 ExonicOnly 0.596235746254721 0.316733425028617 1.12238911021833 40 0.761330104923325 0.60786625964661 0.953538152673468 330 0.00548973612259219 24 996054 16 395922 212 11130000 118 4716440 	 
EPICC_C552_C1_G9_D1 ExonicOnly 0.5411801352669 0.271349615467949 1.07933379842585 33 0.728405344986245 0.575827396290141 0.921412349229833 299 0.000721619831251773 19 1012390 14 403705 189 11321400 110 4799590 	 
EPICC_C552_D1_G5_D1 ExonicOnly 0.596197588215472 0.316713150963272 1.12231728910617 40 0.766026436245381 0.6106233613778 0.960979683519583 326 0.00604045897936776 24 997104 16 396314 210 11146400 116 4716470 	 
EPICC_C552_D1_G7_D1 ExonicOnly 0.595338823451422 0.316256966367693 1.1207006779698 40 0.760434066053156 0.607749764197722 0.951477309801329 333 0.00496570138059305 24 995607 16 395149 214 11127300 119 4705270 	 
EPICC_C554_B1_G6_D1 ExonicOnly Inf NaN Inf 1 0.728574483828385 0.224365546622412 2.36587497935769 13 0 1 3479040 0 1087120 9 40679300 4 13172400 	 
EPICC_C554_B1_G8_D1 ExonicOnly Inf NaN Inf 1 0.559843076622892 0.163884458986854 1.91247114365203 11 0 1 4029920 0 1247020 7 47150400 4 15083900 	 
EPICC_C554_C1_G1_D1 ExonicOnly Inf NaN Inf 1 0.72364608516344 0.222847840845356 2.3498711528219 13 0 1 3367100 0 1045720 9 39378400 4 12664900 	 
EPICC_C554_C1_G5_D1 ExonicOnly Inf NaN Inf 1 0.72364608516344 0.222847840845356 2.3498711528219 13 0 1 3367100 0 1045720 9 39378400 4 12664900 	 
EPICC_C554_C1_G8_D1 ExonicOnly Inf NaN Inf 1 0.72364608516344 0.222847840845356 2.3498711528219 13 0 1 3367100 0 1045720 9 39378400 4 12664900 	 
EPICC_C554_D1_G1_D1 ExonicOnly Inf NaN Inf 1 0.733644147492888 0.225926754624955 2.38233753334186 13 0 1 3650180 0 1144290 9 42640700 4 13903600 	 
EPICC_C554_D1_G4_D1 ExonicOnly Inf NaN Inf 1 0.722999456377388 0.2226487096884 2.34777138148997 13 0 1 3447500 0 1065970 9 40285300 4 12945000 	 
EPICC_C555_A1_B1_D1 ExonicOnly Inf NaN Inf 1 1.81392448653302 0.402053089249423 8.18380074609951 13 0 1 3266590 0 1059710 11 40655000 2 13408200 	 
EPICC_C555_D1_G1_D1 ExonicOnly Inf NaN Inf 1 2.02433447242965 0.453058694133602 9.04503227075554 14 0 1 2867380 0 937710 12 35554500 2 11995700 	 
EPICC_C555_D1_G8_D1 ExonicOnly Inf NaN Inf 1 2.02777604181462 0.453828939385967 9.06040971944129 14 0 1 2839360 0 929728 12 35203000 2 11897300 	 
EPICC_C555_D1_G9_D1 ExonicOnly Inf NaN Inf 1 2.02777604181462 0.453828939385967 9.06040971944129 14 0 1 2839360 0 929728 12 35203000 2 11897300 	 
EPICC_C561_A1_G8_D1 ExonicOnly Inf NaN Inf 1 0.789450605972932 0.278118637140787 2.24088655178266 17 0 1 4732200 0 1528320 12 46660500 5 15348400 	 
EPICC_C561_A1_G9_D1 ExonicOnly Inf NaN Inf 1 0.789450605972932 0.278118637140787 2.24088655178266 17 0 1 4732200 0 1528320 12 46660500 5 15348400 	 
EPICC_C561_B1_G6_D1 ExonicOnly Inf NaN Inf 1 0.789450605972932 0.278118637140787 2.24088655178266 17 0 1 4732200 0 1528320 12 46660500 5 15348400 	 
EPICC_C561_B1_G8_D1 ExonicOnly Inf NaN Inf 1 0.789450605972932 0.278118637140787 2.24088655178266 17 0 1 4732200 0 1528320 12 46660500 5 15348400 	 
EPICC_C561_B1_G9_D1 ExonicOnly Inf NaN Inf 1 0.789450605972932 0.278118637140787 2.24088655178266 17 0 1 4732200 0 1528320 12 46660500 5 15348400 	 
EPICC_C561_C1_G10_D1 ExonicOnly Inf NaN Inf 1 0.982418911672646 0.316844600962471 3.04612102422496 16 0 1 4877400 0 1571060 12 48114200 4 15756100 	 
EPICC_C561_C1_G1_D1 ExonicOnly Inf NaN Inf 1 0.789450605972932 0.278118637140787 2.24088655178266 17 0 1 4732200 0 1528320 12 46660500 5 15348400 	 
EPICC_C561_D1_G10_D1 ExonicOnly Inf NaN Inf 1 0.789450605972932 0.278118637140787 2.24088655178266 17 0 1 4732200 0 1528320 12 46660500 5 15348400 	 
EPICC_C561_D1_G5_D1 ExonicOnly Inf NaN Inf 1 0.789450605972932 0.278118637140787 2.24088655178266 17 0 1 4732200 0 1528320 12 46660500 5 15348400 	 
EPICC_C561_D1_G6_D1 ExonicOnly Inf NaN Inf 1 0.722025490667916 0.250865071570168 2.07809262151409 16 0 1 4801520 0 1551190 11 47374200 5 15547900 	 
EPICC_C562_A1_G5_D1 ExonicOnly 0.704462425631682 0.176180558964355 2.81681761087663 9 0.995112751270174 0.680256034612535 1.45570130654316 131 0.940621890035612 6 1531230 3 539347 94 14602700 37 5719780 	 
EPICC_C562_A1_G7_D1 ExonicOnly 0.69188580479897 0.208340785129399 2.29771183107979 12 1.06413535586675 0.690985571616017 1.63879585810591 106 0.964725165283468 8 1616180 4 559106 78 15448800 28 5901400 	 
