ID rate coverage ON_dnds ON_lowci ON_highci ON_muts OFF_dnds OFF_lowci OFF_highci OFF_muts Pval ON_na ON_NA ON_ns ON_NS OFF_na OFF_NA OFF_ns OFF_NS 	 
019_BAR ssb192 ExonicOnly 0.32245414329617 0.127267045868045 0.81700717226306 18 1.04865154966185 0.870400248185935 1.26340792636784 553 1e-04 8 217689 10 87743.4 400 6566790 153 2634000 	 
019_BAR ssb7 ExonicOnly 0.359933183734667 0.142059334998554 0.911967458019756 18 1.06192519729062 0.881417823395388 1.2793996467314 553 1e-04 8 198754 10 89422.7 400 6253730 153 2540180 	 
062_DM ssb192 ExonicOnly 0.924584750941778 0.169346969559014 5.04801493257781 6 1.37476690262652 1.06243542152856 1.77891732119423 318 0.468755462795612 4 219266 2 101365 242 6746390 76 2912720 	 
062_DM ssb7 ExonicOnly 0.973829904699988 0.178366901446927 5.31687767147591 6 1.36199334088995 1.05256428272282 1.76238800513884 318 0.687563298759593 4 193809 2 94368.5 242 6159350 76 2634560 	 
065_DM ssb192 ExonicOnly Inf NaN Inf 3 0.915188024858383 0.59291814602321 1.41262244089465 103 1e-04 3 296123 0 105649 75 9019780 28 3081790 	 
065_DM ssb7 ExonicOnly Inf NaN Inf 3 1.0120662926763 0.655682582379939 1.56215634945606 103 1e-04 3 203322 0 84855.3 75 6382390 28 2411510 	 
083_GR ssb192 ExonicOnly 0.625862595985513 0.198640887723375 1.97194284310624 12 1.00114636243306 0.82052512907483 1.22152804048163 465 0.051387418038034 7 215918 5 96525 327 6617150 138 2795760 	 
083_GR ssb7 ExonicOnly 0.681111821811392 0.216176466811913 2.14601696522449 12 1.01761173639889 0.83402017827502 1.24161755349795 465 0.130488285508971 7 193862 5 94315.5 327 6151950 138 2641960 	 
088_GG ssb192 ExonicOnly Inf NaN Inf 4 1.08932663884934 0.661096602178923 1.79494657365953 87 1e-04 4 287958 0 102620 67 8876960 20 2886540 	 
088_GG ssb7 ExonicOnly Inf NaN Inf 4 1.14729334051852 0.696276155622405 1.89046080374604 87 1e-04 4 206842 0 81335 67 6550510 20 2243390 	 
096_LA ssb192 ExonicOnly 1.10008067563793 0.561397601184779 2.155676776922 41 0.833329026715 0.749250051293164 0.926843526548213 1509 1e-04 29 202870 12 92347.6 993 6205520 516 2687170 	 
096_LA ssb7 ExonicOnly 1.14637208655865 0.58502132097361 2.24638626715486 41 0.824438243788901 0.741256421631773 0.916954906013712 1509 1e-04 29 195459 12 92718.1 993 6156430 516 2637470 	 
108_MC ssb192 ExonicOnly 0.792236278540771 0.189330919854741 3.31506641749556 8 1.03579721118163 0.806336635789245 1.33055627225088 294 0.92862348869575 5 221569 3 105321 207 6861910 87 2987230 	 
108_MC ssb7 ExonicOnly 0.85205219640953 0.203626206426659 3.56535751435208 8 1.05854112569491 0.82404242763013 1.35977194455837 294 0.874887671701212 5 190690 3 97486.7 207 6086190 87 2707710 	 
124_PA ssb192 ExonicOnly Inf NaN Inf 5 0.95284864627751 0.720636659965712 1.25988721789207 236 1e-04 5 238853 0 97572.7 166 7229800 70 2904960 	 
124_PA ssb7 ExonicOnly Inf NaN Inf 5 0.991643254204394 0.749977251158382 1.31118215038917 236 1e-04 5 196486 0 91690.8 166 6200910 70 2592990 	 
127_PM ssb192 ExonicOnly Inf NaN Inf 1 1.0831642005219 0.298094996598084 3.93580884695424 13 1e-04 1 663868 0 231326 10 20348900 3 6612360 	 
171_VL ssb192 ExonicOnly 1.72474962949656 0.366258135891028 8.12213092350775 10 0.752773619833395 0.601594428623733 0.941944166738546 335 1e-04 8 222670 2 96012.5 217 6812000 118 2788440 	 
171_VL ssb7 ExonicOnly 1.89362019776467 0.402118812320821 8.9173600697681 10 0.768065184693279 0.613815221374002 0.961078143056983 335 1e-04 8 195586 2 92591.4 217 6203120 118 2590780 	 
175_ZA ssb192 ExonicOnly 0.814338010461673 0.0738385429529698 8.98110744668967 3 1.07138376053056 0.582931486973633 1.96912251439533 54 0.739796979800144 2 351569 1 143148 40 10839200 14 4064530 	 
175_ZA ssb7 ExonicOnly 0.990564745439074 0.0898177525834007 10.9246653725844 3 1.24415101924888 0.676933237684269 2.28665447001269 54 0.752667974263481 2 192724 1 95452.8 40 6126220 14 2667680 	 
176_ZV ssb192 ExonicOnly 1.16802820291813 0.4570655471609 2.98492459609889 22 1.16464928708039 0.954837091994944 1.42056540999104 503 0.979485335449857 16 214635 6 94012.4 371 6574310 132 2724240 	 
176_ZV ssb7 ExonicOnly 1.26030255181213 0.493174211407022 3.22072930832325 22 1.18363061837335 0.970399177267162 1.44371728252055 503 0.536317651435891 16 195691 6 92486.2 371 6187970 132 2605940 	 
190_FA ssb192 ExonicOnly 0.618350771932392 0.13839325205225 2.76286390457678 7 0.964919995419572 0.767755188439514 1.21271856232971 346 0.184745540689257 4 218672 3 101412 240 6762160 106 2881850 	 
190_FA ssb7 ExonicOnly 0.667909034248442 0.149485045276621 2.98429255468821 7 0.992368317973307 0.789595202140704 1.24721539427791 346 0.295024971551944 4 191999 3 96178.4 240 6114110 106 2679790 	 
204_CAF ssb192 ExonicOnly 0.671397165626349 0.160452507928197 2.80942570690507 8 1.42594479342977 0.916468867184972 2.21864534124642 117 0.595880994610026 5 254730 3 102615 92 7757410 25 3005880 	 
204_CAF ssb7 ExonicOnly 0.722109488070903 0.172572471087082 3.02162270808344 8 1.41976658209496 0.912498513351685 2.20903171844561 117 0.712833421375009 5 201063 3 87113.7 92 6345700 25 2448210 	 
ANGIO299 ssb192 ExonicOnly Inf NaN Inf 2 0.771104001427343 0.394791155297828 1.50611681460925 42 1e-04 2 404963 0 130705 30 12330600 12 3803270 	 
ANGIO299 ssb7 ExonicOnly Inf NaN Inf 2 0.840781859735713 0.430465294537917 1.64221034450074 42 1e-04 2 207928 0 80248.8 30 6580720 12 2213180 	 
MAYA127 ssb192 ExonicOnly 0 0 NaN 1 1.02189510989523 0.434415200245434 2.40385218851515 28 0.768991069194759 0 420106 1 152633 21 12866800 7 4382840 	 
MAYA127 ssb7 ExonicOnly 0 0 NaN 1 1.15363687461328 0.490419907306226 2.7137534373326 28 0.768990082282048 0 202439 1 85738.4 21 6351470 7 2442430 	 
MAYA160 ssb192 ExonicOnly 0 0 NaN 1 0.403328252728163 0.214902448875747 0.756965481307622 39 0.235102859022871 0 356964 1 132572 21 10956700 18 3787840 	 
MAYA160 ssb7 ExonicOnly 0 0 NaN 1 0.442807622477964 0.235938119529341 0.831059819763163 39 0.235101652048233 0 201280 1 86897.4 21 6374480 18 2419430 	 
MAYA22 ssb192 ExonicOnly 0.373531462167443 0.0526156805368908 2.6518208837377 4 0.934670985435705 0.572821456169659 1.52510037330393 81 0.569256357859358 2 291191 2 108769 59 8932680 22 3113230 	 
MAYA22 ssb7 ExonicOnly 0.421860506424046 0.0594234908008577 2.99492155741985 4 1.00077074203884 0.613331642400477 1.63295439902092 81 0.628211946052147 2 202676 2 85501 59 6404100 22 2389810 	 
MAYA_22 ssb192 ExonicOnly 1.17454793147322 0.317982047191414 4.33855063818216 12 1.00263113297283 0.767792715169042 1.30929825664537 273 0.215104331533888 9 233427 3 91390.4 199 7125540 74 2656670 	 
MAYA_22 ssb7 ExonicOnly 1.21683063520942 0.329429890815261 4.49472862968895 12 0.994262672953646 0.761384682904652 1.29836968091763 273 0.104026675587015 9 205019 3 83157.8 199 6420190 74 2373710 	 
MAYA_282 ssb192 ExonicOnly Inf NaN Inf 2 2.43404091686381 0.956633893526678 6.19312922844128 42 1e-04 2 371908 0 126086 37 11286300 5 3712340 	 
MAYA_282 ssb7 ExonicOnly Inf NaN Inf 2 2.53184822058137 0.995074935574596 6.44198637223008 42 1e-04 2 209387 0 78790.3 37 6552140 5 2241760 	 
MAYA_286 ssb192 ExonicOnly 1.2818249906901 0.143266297820953 11.4688833961786 5 1.23462007762846 0.948734092546128 1.60665420064758 335 0.790913108749791 4 238993 1 76586.8 265 7166370 70 2337140 	 
MAYA_286 ssb7 ExonicOnly 1.45472854350923 0.162591247388261 13.0158923811326 5 1.26432050611658 0.971557436806308 1.64530397151745 335 0.27120707303682 4 211323 1 76854.4 265 6592270 70 2201630 	 
MAYA_314 ssb192 ExonicOnly 0.518817389210848 0.104713990048327 2.57056034012148 6 0.692470512593625 0.51715766086651 0.927213501397686 188 0.957101549143647 3 232604 3 120679 113 7289270 75 3350180 	 
MAYA_314 ssb7 ExonicOnly 0.642417886799765 0.129660635235218 3.18295031481026 6 0.785646082902535 0.586744222104148 1.0519745066722 188 0.771500297109448 3 175459 3 112718 113 5779960 75 3013940 	 
MAYA_354 ssb192 ExonicOnly 0 0 NaN 1 0.975500097460302 0.574353337652668 1.6568211650579 68 0.0700483190446286 0 309126 1 130129 49 9599050 19 3630890 	 
MAYA_354 ssb7 ExonicOnly 0 0 NaN 1 1.15687880972668 0.681145579145385 1.96487970174602 68 0.0700477350274283 0 188229 1 99947.9 49 6070680 19 2723220 	 
MAYA_503 ssb192 ExonicOnly 0.464064325475912 0.0653681769367073 3.29453852359615 4 0.508870154416766 0.403996886441624 0.640967659347136 291 0.738674630037555 2 218265 2 101289 159 6766870 132 2858720 	 
MAYA_503 ssb7 ExonicOnly 0.480463696937628 0.0676782585682136 3.41096141810769 4 0.513986399726968 0.408058880346027 0.647411800103918 291 0.764712910570583 2 194653 2 93523.7 159 6163780 132 2630120 	 
MAYA_52 ssb192 ExonicOnly Inf NaN Inf 3 0.7504432286768 0.428310081231344 1.31485408371747 56 1e-04 3 300177 0 117693 38 9285400 18 3300710 	 
MAYA_52 ssb7 ExonicOnly Inf NaN Inf 3 0.781125713866317 0.445822162210778 1.36861232186027 56 1e-04 3 202350 0 85826.6 38 6418880 18 2375030 	 
MAYA_86 ssb192 ExonicOnly Inf NaN Inf 1 0.78384384264614 0.428093689684532 1.43522650920493 50 1e-04 1 328811 0 116065 35 10029200 15 3369140 	 
MAYA_86 ssb7 ExonicOnly Inf NaN Inf 1 0.822731404647242 0.449332300424348 1.50642930826913 50 1e-04 1 207888 0 80288.6 35 6501490 15 2292420 	 
VALE14 ssb192 ExonicOnly Inf NaN Inf 1 0.758775879086017 0.440430577237849 1.30722311742389 60 1e-04 1 348620 0 133784 41 10750400 19 3780140 	 
VALE14 ssb7 ExonicOnly Inf NaN Inf 1 0.787780137075275 0.457266453869216 1.35719092054834 60 1e-04 1 203141 0 85036.3 41 6442100 19 2351810 	 
VALE24 ssb192 ExonicOnly 0.174494802891612 0.0158220255977113 1.9244525415497 3 0.847961058723419 0.475841029222886 1.51108913572375 57 0.416098804807573 1 377229 2 131649 41 11516700 16 3811010 	 
VALE24 ssb7 ExonicOnly 0.210079884091682 0.0190487104127501 2.31691054382065 3 0.947125740179481 0.531488618519129 1.68780217115251 57 0.446794262043383 1 202919 2 85258.4 41 6420740 16 2373170 	 
VALE38 ssb192 ExonicOnly Inf NaN Inf 1 1.33931968730566 0.746417421466477 2.40318347147151 71 1e-04 1 300965 0 110238 57 9319370 14 3065660 	 
VALE38 ssb7 ExonicOnly Inf NaN Inf 1 1.36709771736187 0.761898884722576 2.45302536787008 71 1e-04 1 207227 0 80950.1 57 6583360 14 2210550 	 
