EPICC_C516_C1_G3_D1	ExonicOnly	1.35545556258895	0.686797095978941	2.67512472538884	45	0.995459206368756	0.845086212756434	1.17258959199237	668	0.000297000120369243	34	580061	11	254374	460	9106380	208	4098970			
EPICC_C518_A1_G6_D1	ExonicOnly	1.96070405157338	0.742497891247431	5.17762597746154	27	1.10704661460449	0.894191432238393	1.37057067576748	418	1.49593309035218e-09	22	598138	5	266539	301	9307510	117	4005150			
EPICC_C518_D1_G8_D1	ExonicOnly	1.34729286527088	0.534809989207645	3.39411298356356	24	1.04406458017275	0.837640319785415	1.30135946064882	382	0.00800135431079809	18	596701	6	267977	270	9289450	112	4023200			
EPICC_C524_B1_G5_D1	ExonicOnly	0.850872162575813	0.0771509710516826	9.38401555716527	3	1.82083434188232	0.746968503128897	4.43852530023393	31	0.816924116536075	2	789933	1	336066	25	9502100	6	4152420			
EPICC_C524_D1_G10_D1	ExonicOnly	0.21575827922759	0.0195634222127236	2.3795320922975	3	1.92257483341121	0.728051145301434	5.07697160619466	27	0.170909202381494	1	786577	2	339421	22	9502440	5	4152080			
EPICC_C525_A1_B1_D1	ExonicOnly	Inf	NaN	Inf	4	0.709669364989987	0.346925260689165	1.45169811775047	32	0	4	804510	0	367881	20	9678850	12	4121270			
EPICC_C525_B1_B1_D1	ExonicOnly	Inf	NaN	Inf	3	0.625777158710862	0.290415540827893	1.34840290828348	27	0	3	801602	0	370788	16	9648930	11	4151180			
EPICC_C525_B1_G1_D1	ExonicOnly	Inf	NaN	Inf	3	0.544473340901801	0.247179151285857	1.19933780603965	25	0	3	803380	0	369011	14	9665300	11	4134820			
EPICC_C525_C1_B1_D1	ExonicOnly	Inf	NaN	Inf	4	0.631728963982941	0.311994295125715	1.27913105777991	32	0	4	801048	0	371343	19	9635370	13	4164750			
EPICC_C525_C1_G9_D1	ExonicOnly	Inf	NaN	Inf	4	0.691386987810659	0.335620697934482	1.42427477880558	31	0	4	798179	0	374211	19	9605660	12	4194460			
EPICC_C525_D1_G10_D1	ExonicOnly	Inf	NaN	Inf	2	0.539245773344335	0.259386746995772	1.12105219391165	29	0	2	797223	0	375167	16	9595830	13	4204290			
EPICC_C525_D1_G8_D1	ExonicOnly	Inf	NaN	Inf	2	0.593070311725694	0.28057092196417	1.25363128907332	28	0	2	793900	0	378490	16	9551560	12	4248560			
EPICC_C527_A3_L1_D1	ExonicOnly	Inf	NaN	Inf	1	0.586190147788284	0.186044585237158	1.84697117847028	12	0	1	849995	0	370399	7	9787650	5	4098160			
EPICC_C527_C2_L1_D1	ExonicOnly	Inf	NaN	Inf	1	0.859657396576437	0.258859263062006	2.85487578320237	12	0	1	843472	0	376922	8	9711520	4	4174290			
EPICC_C528_A1_G7_D1	ExonicOnly	Inf	NaN	Inf	2	1.23819244926545	0.502049675871011	3.05372396954274	28	0	2	842012	0	289811	22	10233000	6	3455570			
EPICC_C528_B1_G2_D1	ExonicOnly	Inf	NaN	Inf	2	0.917168692558553	0.442291104572737	1.90191190139361	36	0	2	833679	0	298143	26	10119000	10	3569550			
EPICC_C528_B1_G9_D1	ExonicOnly	Inf	NaN	Inf	3	0.801217960501167	0.326675712413314	1.96509998024985	22	0	3	820926	0	310896	15	9963260	7	3725280			
EPICC_C528_C1_G9_D1	ExonicOnly	Inf	NaN	Inf	2	1.24322830009983	0.535673842780638	2.88536983445879	31	0	2	828573	0	303249	24	10045800	7	3642690			
EPICC_C530_A1_G6_D1	ExonicOnly	0.447428285920032	0.0279847426345138	7.15364016595018	2	1.17625658046296	0.423670647776149	3.26569696943737	19	0.890910260556995	1	698503	1	312530	14	9376240	5	3938880			
EPICC_C530_B1_G7_D1	ExonicOnly	Inf	NaN	Inf	1	1.33734217624142	0.431312790607572	4.14660686669544	16	0	1	687393	0	323641	12	9209640	4	4105480			
EPICC_C530_C1_G7_D1	ExonicOnly	Inf	NaN	Inf	1	1.3235775455246	0.426873493599329	4.10392780440779	16	0	1	690559	0	320474	12	9238960	4	4076160			
EPICC_C530_D1_G1_D1	ExonicOnly	Inf	NaN	Inf	1	0.866669321962924	0.349797566079001	2.14728745404997	21	0	1	693627	0	317406	14	9289610	7	4025510			
EPICC_C530_D1_G2_D1	ExonicOnly	Inf	NaN	Inf	1	1.15902988607589	0.413194771269565	3.25113174927337	18	0	1	687393	0	323641	13	9209640	5	4105480			
EPICC_C530_D1_G5_D1	ExonicOnly	Inf	NaN	Inf	1	1.22671309494719	0.390606535424283	3.85253519008237	15	0	1	686696	0	324338	11	9207750	4	4107370			
EPICC_C531_A1_G10_D1	ExonicOnly	Inf	NaN	Inf	3	1.29273492539426	0.546630074484325	3.05721199260264	27	0	3	729438	0	360756	20	9365040	7	4237280			
EPICC_C531_A1_G7_D1	ExonicOnly	Inf	NaN	Inf	3	0.756473967622991	0.346387017865055	1.65206253647535	27	0	3	733516	0	356677	17	9413470	10	4188850			
EPICC_C531_B1_G3_D1	ExonicOnly	Inf	NaN	Inf	3	0.740235919591478	0.338951671078346	1.61660028067148	27	0	3	739243	0	350951	17	9476110	10	4126210			
EPICC_C531_B1_G5_D1	ExonicOnly	Inf	NaN	Inf	3	0.761113825109917	0.348511592778642	1.66219551627046	27	0	3	732580	0	357613	17	9395730	10	4206600			
EPICC_C531_B1_G8_D1	ExonicOnly	0.744213429947713	0.124350563443454	4.4539820149847	5	0.577592712698124	0.262214627415762	1.27229144642256	25	0.739283621796861	3	728670	2	361524	14	9356250	11	4246080			
EPICC_C531_C1_G1_D1	ExonicOnly	Inf	NaN	Inf	2	0.854025444713114	0.380691188347728	1.91588266617079	26	0	2	730419	0	359774	17	9367150	9	4235180			
EPICC_C531_C1_G2_D1	ExonicOnly	Inf	NaN	Inf	1	0.794203256165847	0.350960476984921	1.79723649708557	25	0	1	733089	0	357105	16	9402060	9	4200270			
EPICC_C531_C1_G4_D1	ExonicOnly	Inf	NaN	Inf	2	0.754794578716782	0.345618031414619	1.64839492083914	27	0	2	733641	0	356553	17	9419910	10	4182410			
EPICC_C531_C1_G7_D1	ExonicOnly	Inf	NaN	Inf	3	0.837621548964468	0.373378975701926	1.87908289388152	26	0	3	734471	0	355723	17	9423500	9	4178820			
EPICC_C531_D1_G7_D1	ExonicOnly	Inf	NaN	Inf	4	0.994760495354366	0.507626457932377	1.94936398848826	41	0	4	752763	0	337431	29	9635930	12	3966390			
EPICC_C532_C1_G6_D1	ExonicOnly	Inf	NaN	Inf	1	2.13575099749002	0.953761881244544	4.78257081702635	45	0	1	745605	0	298403	38	9930640	7	3906990			
EPICC_C536_B1_G1_D1	ExonicOnly	1.35369194633696	0.704347057094211	2.6016832399832	48	0.988014095521342	0.815467686917006	1.1970702538523	488	0.00203812204949939	36	736969	12	332543	337	9524720	151	4216600			
EPICC_C536_B1_G9_D1	ExonicOnly	1.47865677355248	0.75269771942562	2.90479564329868	47	0.951821523316913	0.786663668442365	1.1516541157279	488	6.66666341724172e-05	36	736674	11	332838	333	9522480	155	4218840			
EPICC_C536_C1_B1_D1	ExonicOnly	0.959262709771277	0.529518294494651	1.73778317205895	50	1.03803461343154	0.857910673415707	1.25597707969672	504	0.794080310095826	34	736874	16	332638	353	9515940	151	4225380			
EPICC_C536_D1_G1_D1	ExonicOnly	1.0951764645004	0.587737205588054	2.04073425883808	48	1.0794659885569	0.888502295802543	1.31147340087974	491	0.3661249542751	34	737109	14	332403	348	9518960	143	4222360			
EPICC_C536_F1_B2_D1	ExonicOnly	Inf	NaN	Inf	1	0.877941720914448	0.378887001780977	2.03433183742226	25	0	1	748665	0	320846	17	9723900	8	4017420			
EPICC_C537_B1_G7_D1	ExonicOnly	Inf	NaN	Inf	1	0.585922111285268	0.20329671504452	1.68868845047522	14	0	1	599391	0	268711	8	9295570	6	4084860			
EPICC_C537_C1_G10_D1	ExonicOnly	Inf	NaN	Inf	1	0.486637894513874	0.163543277438556	1.44803573820289	13	0	1	616052	0	252050	7	9442000	6	3938430			
EPICC_C537_C1_G1_D1	ExonicOnly	Inf	NaN	Inf	1	0.41665307937449	0.146143728207749	1.18787061304472	14	0	1	614947	0	253155	7	9445100	7	3935330			
EPICC_C537_D1_G1_D1	ExonicOnly	Inf	NaN	Inf	1	0.866640172164276	0.260961914999147	2.87806517070655	12	0	1	604160	0	263942	8	9335270	4	4045160			
EPICC_C538_D1_G10_D1	ExonicOnly	Inf	NaN	Inf	1	0.905649933677671	0.409745866116533	2.00173348860332	28	0	1	898697	0	397835	19	9940510	9	4264400			
EPICC_C539_A1_G5_D1	ExonicOnly	0.776635021633486	0.0704196661943556	8.56527618082902	3	0.954115917857352	0.514628056589406	1.76892315589192	50	0.735290765995356	2	983198	1	381793	36	10244200	14	3801060			
EPICC_C539_A1_G7_D1	ExonicOnly	0.759763366248554	0.0688898692275172	8.37920414567027	3	0.979044029234324	0.517998023188692	1.85044632214285	48	0.734296140380929	2	989208	1	375782	35	10299800	13	3745470			
EPICC_C539_A1_G8_D1	ExonicOnly	0.764950326782822	0.0693601844592213	8.43640945757202	3	0.968211179640835	0.523454342307893	1.79085954224086	51	0.73423794550642	2	987353	1	377638	37	10279400	14	3765860			
EPICC_C539_B1_G1_D1	ExonicOnly	0.462361529954251	0.0289187534223025	7.39239801962131	2	1.20451772625968	0.585100289027324	2.47968345261187	38	0.724211796879815	1	661876	1	306026	28	6963680	10	2995670			
EPICC_C539_C1_G1_D1	ExonicOnly	2.00842865372589	0.234636561467402	17.1916856078805	6	1.19409241600395	0.510097879825124	2.79526187346586	29	0.107904909898485	5	973821	1	391170	22	10178200	7	3867090			
EPICC_C539_D1_G4_D1	ExonicOnly	1.98456630930013	0.231848826010728	16.987429922911	6	1.34253913763697	0.640850286564442	2.81253196993603	41	0.0688914996243453	5	977148	1	387843	32	10195500	9	3849710			
EPICC_C544_C1_G10_D1	ExonicOnly	Inf	NaN	Inf	1	0.506731559973725	0.136070614779843	1.88708599729617	9	0	1	778845	0	319065	5	9667150	4	3918920			
EPICC_C544_D1_G3_D1	ExonicOnly	Inf	NaN	Inf	1	0.556693727116023	0.157093516688073	1.97276131019565	10	0	1	795936	0	301973	6	9908680	4	3677400			
EPICC_C548_A1_G4_D1	ExonicOnly	0.609835653090756	0.305773970328938	1.2162598150639	33	0.990154758172655	0.803318931617417	1.22044516330519	412	0.00364055509271813	19	852778	14	383198	285	9567210	127	4221310			
EPICC_C548_B1_G10_D1	ExonicOnly	0.900953742267787	0.436892268044601	1.85794079947541	33	1.0659287681275	0.866805743768979	1.31079477491124	434	0.739148513388346	22	852117	11	383859	307	9569020	127	4219500			
EPICC_C548_B1_G4_D1	ExonicOnly	0.858939067604974	0.414142029560109	1.78146236195204	32	1.02448483246602	0.835430823097226	1.25632119558206	439	0.852487419903681	21	852444	11	383532	307	9572070	132	4216450			
EPICC_C548_C1_G3_D1	ExonicOnly	0.657583520555855	0.324766429049249	1.33147175381863	32	1.05143036384556	0.850991788561833	1.29907963445361	412	0.0304366849930669	19	852441	13	383535	290	9559920	122	4228600			
EPICC_C548_C1_G7_D1	ExonicOnly	0.726802838509103	0.36393385973066	1.45148319447127	34	1.03560423631094	0.840628695015771	1.27580276940767	421	0.203896540009615	21	852441	13	383535	295	9559920	126	4228600			
EPICC_C548_D1_G9_D1	ExonicOnly	0.794276325772502	0.390790016661143	1.61436229344653	33	0.97981921996023	0.793094362511383	1.2105065926963	400	0.693760661724483	21	850127	12	385849	275	9539770	125	4248750			
EPICC_C549_A1_G4_D1	ExonicOnly	1.04210090914767	0.202177272502249	5.37141459922175	7	0.495342999828898	0.305505489534389	0.803143568545483	67	0.876732828849869	5	832868	2	347173	38	9895300	29	3740670			
EPICC_C549_B1_G3_D1	ExonicOnly	1.02629147432112	0.199110105003092	5.28992642515648	7	0.624108785609937	0.347918033203094	1.1195507857431	48	0.936539728936047	5	836602	2	343439	30	9920920	18	3715040			
EPICC_C549_B1_G5_D1	ExonicOnly	1.01641271918689	0.197193540809561	5.23900735434466	7	0.564261715981626	0.325408193173893	0.978436928205215	53	0.957948804316742	5	838953	2	341089	32	9951100	21	3684860			
EPICC_C549_B1_G8_D1	ExonicOnly	1.03172332386785	0.200163930934531	5.31792435862547	7	0.648099625628952	0.362575178469447	1.15847220165463	49	0.922945446448221	5	835316	2	344726	31	9907580	18	3728380			
EPICC_C549_C1_G7_D1	ExonicOnly	1.66517601027377	0.186110756702972	14.8987652667568	5	0.617486481891351	0.331251955542132	1.15105639336015	42	0.10838122110846	4	833190	1	346852	26	9881190	16	3754770			
EPICC_C549_C234_L1_D1	ExonicOnly	1.0312679923823	0.200075592677207	5.31557739733494	7	0.62711447004013	0.349593592114865	1.12494250180612	48	0.92451952835221	5	835423	2	344618	30	9907920	18	3728040			
EPICC_C549_D234_L1_D1	ExonicOnly	Inf	NaN	Inf	5	0.599166443617278	0.300019131621111	1.19659218946252	34	0	5	839936	0	340106	21	9946630	13	3689330			
EPICC_C550_D1_G1_D1	ExonicOnly	Inf	NaN	Inf	1	1.21483267029751	0.482224388502437	3.06044009538568	24	0	1	836170	0	345437	18	9931590	6	4021740			
EPICC_C550_D1_G5_D1	ExonicOnly	0.198049772969754	0.0179577436782262	2.18423063551072	3	1.15711306420378	0.491897411072043	2.72193151814954	28	0.0466011755167901	1	846363	2	335244	21	10069500	7	3883850			
EPICC_C550_F1_B1_D1	ExonicOnly	1.19628245923064	0.124432509428716	11.50098826621	4	1.18759747463784	0.471413459637932	2.99182843335532	24	0.716972961858586	3	844752	1	336854	18	9996190	6	3957150			
EPICC_C550_F1_B2_D1	ExonicOnly	Inf	NaN	Inf	2	1.02925114468613	0.366928586977675	2.8870965084124	18	0	2	844752	0	336854	13	9996190	5	3957150			
EPICC_C551_B1_G5_D1	ExonicOnly	Inf	NaN	Inf	1	0.703703543049217	0.352363691240332	1.40536275548045	34	0	1	939195	0	411503	21	9753550	13	4248900			
EPICC_C551_F1_B1_D1	ExonicOnly	Inf	NaN	Inf	3	1.24535994824496	0.448560657977237	3.45755200025099	19	0	3	938850	0	411849	14	9691810	5	4310640			
EPICC_C551_F1_B2_D1	ExonicOnly	Inf	NaN	Inf	1	0.569290435315487	0.197526038034198	1.64075426014591	14	0	1	950728	0	399971	8	9812730	6	4189720			
EPICC_C552_C1_G3_D1	ExonicOnly	0.825671213774275	0.458504674835638	1.48686615921587	49	0.83297716964799	0.680658813635111	1.01938172360947	419	0.900411955015934	32	818607	17	359072	276	9645980	143	4163000			
EPICC_C552_D1_G5_D1	ExonicOnly	0.820606098076249	0.455691978044632	1.47774489203531	49	0.83098171283904	0.677047260178801	1.01991520626655	407	0.876174831420045	32	820141	17	357538	268	9649920	139	4159060			
EPICC_C552_D1_G7_D1	ExonicOnly	0.972758413929322	0.539823972190628	1.75290836057341	52	0.821956710506	0.675193067824976	1.00062197450596	441	0.847193638294259	36	822208	16	355471	290	9670260	151	4138720			
EPICC_C554_B1_G6_D1	ExonicOnly	Inf	NaN	Inf	2	0.692429509384709	0.317061273309864	1.51219593008483	27	0	2	804860	0	337367	17	9852730	10	4013130			
EPICC_C554_B1_G8_D1	ExonicOnly	Inf	NaN	Inf	2	0.625993934431759	0.301537020384544	1.29957017316235	30	0	2	798025	0	344202	18	9783090	12	4082770			
EPICC_C554_B1_G9_D1	ExonicOnly	Inf	NaN	Inf	1	0.99267502607066	0.476772530733408	2.06682211197913	35	0	1	815486	0	326741	25	9924950	10	3940900			
EPICC_C554_C1_G1_D1	ExonicOnly	Inf	NaN	Inf	1	1.12879118478605	0.504919940278615	2.52350884396644	31	0	1	813034	0	329193	23	9956650	8	3909210			
EPICC_C554_C1_G8_D1	ExonicOnly	Inf	NaN	Inf	1	1.08045143017481	0.504326639807603	2.31472138932912	34	0	1	814512	0	327715	25	9982890	9	3882970			
EPICC_C554_D1_G1_D1	ExonicOnly	Inf	NaN	Inf	3	0.677890790316469	0.371053461692159	1.238463199525	45	0	3	801982	0	340245	28	9822960	17	4042900			
EPICC_C555_A1_B1_D1	ExonicOnly	Inf	NaN	Inf	1	3.40319986874006	0.786256950434587	14.7302645471463	19	0	1	761536	0	307976	17	9812590	2	3928730			
EPICC_C555_D1_G1_D1	ExonicOnly	0.393141573900153	0.0245893448856314	6.28568672314004	2	1.83686326293153	0.624893291903201	5.39943022341067	23	0.981467084128166	1	767698	1	301814	19	9909310	4	3832010			
EPICC_C555_D1_G9_D1	ExonicOnly	Inf	NaN	Inf	1	2.87060467808173	0.856231068670612	9.62400682729559	24	0	1	754320	0	315192	21	9745020	3	3996300			
EPICC_C560_B1_G7_D1	ExonicOnly	Inf	NaN	Inf	1	0.869376898964653	0.350890372265881	2.15399584153793	21	0	1	656058	0	277816	14	9350490	7	4064550			
EPICC_C561_A1_G9_D1	ExonicOnly	Inf	NaN	Inf	1	1.03192321831837	0.403792751869335	2.6371594235026	22	0	1	990528	0	384479	16	10155200	6	3929770			
EPICC_C561_B1_G6_D1	ExonicOnly	0.397111704273308	0.0248376481445002	6.34915960152876	2	1.12946195984973	0.445312191891479	2.86469745085162	23	0.836057208174893	1	984179	1	390829	17	10070500	6	4014440			
EPICC_C561_D1_G5_D1	ExonicOnly	Inf	NaN	Inf	1	1.27562762524204	0.46731012922986	3.48211225055587	21	0	1	984179	0	390829	16	10070500	5	4014440			
EPICC_C561_G1_B1_D1	ExonicOnly	Inf	NaN	Inf	3	6.56886356368288	0.876895478543504	49.2076697025096	19	0	3	1000710	0	374297	18	10319100	1	3765820			
EPICC_C561_G1_B2_D1	ExonicOnly	Inf	NaN	Inf	3	6.20449175784241	0.825678671274161	46.6231383885175	18	0	3	997233	0	377774	17	10318900	1	3766090			
EPICC_C562_A1_G5_D1	ExonicOnly	0.497266558550183	0.191855935278191	1.28885603968674	17	1.04826981900521	0.769158804167991	1.42866452514684	192	0.00696767704700149	9	959459	8	424095	135	9735930	57	4309150			
EPICC_C562_A1_G7_D1	ExonicOnly	0.994533117100366	0.306269579225137	3.22950364915315	13	1.05543747588729	0.726181922914797	1.53398001043454	132	0.979944018948547	9	959459	4	424095	93	9735930	39	4309150			
